2.455259740259741363e+02 1.441233766233765721e+02
2.465130424900014248e+02 1.439561954419913548e+02
2.475054289088213864e+02 1.438241772567597252e+02
2.485017790884439819e+02 1.437264412532234417e+02
2.495008388722040991e+02 1.436620057083721349e+02
2.505014596646876441e+02 1.436298108073680737e+02
2.515026005844167685e+02 1.436287401170430371e+02
2.525033277666284164e+02 1.436576402206686112e+02
2.535028090010709150e+02 1.437153707774695874e+02
2.545003108043340490e+02 1.438007561401598196e+02
2.554951898433041606e+02 1.439126532934979537e+02
2.564868870517665300e+02 1.440499355534223866e+02
2.574749187833766655e+02 1.442115128079305748e+02
2.584588722830750385e+02 1.443963187406304201e+02
2.594383940078965338e+02 1.446033414162802444e+02
2.604131886110880032e+02 1.448315952559183017e+02
2.613830078665473593e+02 1.450801468915205135e+02
2.623476438936103818e+02 1.453481156384362976e+02
2.633069329477226574e+02 1.456346410834309495e+02
2.642607356318320058e+02 1.459389353548356780e+02
2.652089467331053925e+02 1.462602330955585046e+02
2.661514839080198271e+02 1.465978157539088329e+02
2.670882834457336230e+02 1.469510107026467267e+02
2.680193025439199914e+02 1.473191750052553743e+02
2.689445132681303221e+02 1.477017034517327261e+02
2.698638998040188994e+02 1.480980273232196112e+02
2.707774545070029717e+02 1.485076163697040954e+02
2.716851841389620859e+02 1.489299590375844957e+02
2.725870998156984228e+02 1.493645801432614917e+02
2.734832171608252906e+02 1.498110350128965251e+02
2.743735621131939979e+02 1.502688940334331846e+02
2.752581599246615838e+02 1.507377612624009373e+02
2.761370405826966703e+02 1.512172602165428827e+02
2.770102343387839028e+02 1.517070394886469273e+02
2.778777771145408906e+02 1.522067605636453038e+02
2.787397027981767224e+02 1.527161094264638166e+02
2.795960462669941649e+02 1.532347889970775441e+02
2.804468428937163935e+02 1.537625182613109587e+02
2.812921281110954510e+02 1.542990314411351847e+02
2.821319370280804719e+02 1.548440772048110148e+02
2.829662991056358123e+02 1.553974253527511280e+02
2.837952512360971014e+02 1.559588457939415491e+02
2.846188226924528522e+02 1.565281303507293273e+02
2.854370427622301918e+02 1.571050801246158812e+02
2.862499388542498195e+02 1.576895074631305249e+02
2.870575392502668137e+02 1.582812314012145123e+02
2.878598630088537220e+02 1.588800906705410796e+02
2.886569352146159417e+02 1.594859222566681467e+02
2.894487753956878464e+02 1.600985765787674495e+02
2.902354002577654342e+02 1.607179130761955719e+02
2.910168241805240541e+02 1.613437990052231612e+02
2.917930580870616950e+02 1.619761103307373844e+02
2.925641124076299207e+02 1.626147276213849295e+02
2.933299942664083915e+02 1.632595391412123433e+02
2.940907076082433491e+02 1.639104402327968728e+02
2.948462535313654485e+02 1.645673325159599756e+02
2.955966301889128545e+02 1.652301236381823628e+02
2.963418326895412633e+02 1.658987270417950981e+02
2.970818529960420733e+02 1.665730617471188850e+02
2.978166798209317676e+02 1.672530521507592596e+02
2.985462985180071200e+02 1.679386278382998512e+02
2.992706909182863910e+02 1.686297234633024686e+02
2.999898349684244181e+02 1.693262788307995947e+02
3.007037058024982912e+02 1.700282375173139826e+02
3.014122742015563290e+02 1.707355482013245194e+02
3.021155069530062747e+02 1.714481640067844523e+02
3.028133666613870787e+02 1.721660424227738133e+02
3.035058106939920890e+02 1.728891460417988810e+02
3.041927933928857897e+02 1.736174401622270693e+02
3.048742638499952022e+02 1.743508946824748591e+02
3.055501662734326374e+02 1.750894834634626704e+02
3.062204397674292977e+02 1.758331842576211841e+02
3.068850180950797721e+02 1.765819786450565800e+02
3.075438261917903446e+02 1.773358547780821937e+02
3.081967866396109343e+02 1.780948013509953967e+02
3.088438173650996532e+02 1.788588094739925509e+02
3.094848204656399275e+02 1.796278817081635282e+02
3.101197036404885807e+02 1.804020136891469122e+02
3.107483532078446729e+02 1.811812162116956131e+02
3.113706658100911113e+02 1.819654889602268497e+02
3.119865316014169139e+02 1.827548342286164882e+02
3.125958373652846944e+02 1.835492541419002350e+02
3.131984770653267560e+02 1.843487425827619006e+02
3.137943403433278036e+02 1.851532941369393370e+02
3.143833167358124001e+02 1.859629007946284389e+02
3.149652958730967498e+02 1.867775518271883755e+02
3.155401666252620316e+02 1.875972344086222847e+02
3.161078161576812704e+02 1.884219342303833855e+02
3.166681376453457233e+02 1.892516302472802749e+02
3.172210222652886955e+02 1.900863003324849103e+02
3.177663528756689288e+02 1.909259252259041659e+02
3.183040297744642544e+02 1.917704717724759007e+02
3.188339357569369668e+02 1.926199156209325167e+02
3.193559707877018354e+02 1.934742191411003773e+02
3.198700241553958676e+02 1.943333490018893315e+02
3.203759900349808731e+02 1.951972664691781461e+02
3.208737669849636518e+02 1.960659279961600134e+02
3.213632518321621774e+02 1.969392888747867403e+02
3.218443432595161653e+02 1.978173011676591670e+02
3.223169419614167168e+02 1.986999137232863859e+02
3.227809507984688366e+02 1.995870721988881655e+02
3.232362749511675020e+02 2.004787190908367620e+02
3.236828220719579576e+02 2.013747937728025192e+02
3.241205024351441466e+02 2.022752325416301744e+02
3.245492290841046383e+02 2.031799686709384218e+02
3.249689178860874108e+02 2.040889325130369798e+02
3.253794816255933142e+02 2.050020542459620003e+02
3.257808479190439357e+02 2.059192559076398936e+02
3.261729423248971216e+02 2.068404593202758122e+02
3.265556855199574784e+02 2.077655870637403552e+02
3.269290170808923222e+02 2.086945527110839862e+02
3.272928682560486209e+02 2.096272723422065667e+02
3.276471793702021955e+02 2.105636575089020255e+02
3.279918938528749663e+02 2.115036178472017241e+02
3.283269582025738487e+02 2.124470612051961496e+02
3.286523237548755105e+02 2.133938931429303807e+02
3.289679478365610521e+02 2.143440167637822071e+02
3.292737860817964020e+02 2.152973353930132419e+02
3.295698093901027619e+02 2.162537472539724490e+02
3.298559780222308859e+02 2.172131538241984003e+02
3.301322721367711210e+02 2.181754505583826358e+02
3.303986676268525002e+02 2.191405344497975989e+02
3.306551432272425473e+02 2.201083018571011110e+02
3.309016918402768965e+02 2.210786457627653760e+02
3.311382992158348770e+02 2.220514615245815833e+02
3.313649637891486464e+02 2.230266418930414432e+02
3.315816892367292326e+02 2.240040792199464192e+02
3.317884716842262378e+02 2.249836682752427635e+02
3.319853297204060141e+02 2.259652999000622629e+02
3.321722727388369094e+02 2.269488679519834307e+02
3.323493189679621764e+02 2.279342655846174068e+02
3.325164945027015619e+02 2.289213857828154630e+02
3.326738192561067535e+02 2.299101238372730620e+02
3.328213329352371375e+02 2.309003732097175430e+02
3.329590600518878318e+02 2.318920311299628167e+02
3.330870499508951070e+02 2.328849927910847271e+02
3.332053353538324245e+02 2.338791572297583912e+02
3.333139704883458876e+02 2.348744224506411342e+02
3.334130005425303693e+02 2.358706892860102471e+02
3.335024791616831976e+02 2.368678593959541558e+02
3.335824661832498350e+02 2.378658357680135964e+02
3.336530165564069534e+02 2.388645236701227930e+02
3.337141942775045322e+02 2.398638295607033513e+02
3.337660668582382755e+02 2.408636617037552128e+02
3.338087019466709080e+02 2.418639303929435016e+02
3.338421698571667662e+02 2.428645478186799380e+02
3.338665431072192291e+02 2.438654281360141738e+02
3.338818966968433983e+02 2.448664875005014494e+02
3.338883097462166916e+02 2.458676441175977629e+02
3.338858618661327569e+02 2.468688183438094086e+02
3.338746325826940620e+02 2.478699326439519552e+02
3.338547065164536889e+02 2.488709116610324372e+02
3.338261689004844470e+02 2.498716822394838175e+02
3.337891065665501173e+02 2.508721734430466483e+02
3.337436074914606365e+02 2.518723165534576083e+02
3.336897542329022599e+02 2.528720446918806033e+02
3.336276439700416176e+02 2.538712938822841068e+02
3.335573507514480980e+02 2.548700008296962096e+02
3.334789082741107791e+02 2.558681007745228726e+02
3.333923323455940135e+02 2.568655281357666809e+02
3.332976385470498712e+02 2.578622175723582473e+02
3.331948267804316401e+02 2.588581023477281633e+02
3.330839058010345184e+02 2.598531165462434842e+02
3.329648721794065978e+02 2.608471928585145179e+02
3.328377138410358498e+02 2.618402625718103991e+02
3.327024220495922577e+02 2.628322569170001088e+02
3.325589810900842735e+02 2.638231056912940176e+02
3.324073698646724324e+02 2.648127372371443471e+02
3.322475630378156097e+02 2.658010784218253661e+02
3.320795310905764381e+02 2.667880544809284515e+02
3.319032381145472073e+02 2.677735884465844833e+02
3.317186487468899827e+02 2.687576022100800515e+02
3.315257212776148208e+02 2.697400151677464919e+02
3.313244098573906626e+02 2.707207444076067304e+02
3.311146646670334235e+02 2.716997045608578105e+02
3.308964319525197766e+02 2.726768076258060205e+02
3.306696540588848734e+02 2.736519627870105751e+02
3.304342694636537772e+02 2.746250762292443142e+02
3.301902128104946428e+02 2.755960509458994352e+02
3.299374149438210679e+02 2.765647865414855460e+02
3.296758029451065113e+02 2.775311790278936996e+02
3.294053001717304028e+02 2.784951206141251987e+02
3.291258236341535053e+02 2.794564987010343771e+02
3.288372913045591304e+02 2.804151977426424196e+02
3.285396158572324907e+02 2.813710972528729144e+02
3.282327061581481757e+02 2.823240719472304363e+02
3.279164676128686438e+02 2.832739915770006291e+02
3.275908022409935825e+02 2.842207206753571427e+02
3.272556025967016353e+02 2.851641160714021908e+02
3.269107692318501677e+02 2.861040327345407945e+02
3.265561947659616635e+02 2.870403179807904053e+02
3.261917643047415822e+02 2.879728110261265215e+02
3.258173628651589979e+02 2.889013453998197747e+02
3.254328789599741185e+02 2.898257502561409638e+02
3.250381832432187252e+02 2.907458411015386446e+02
3.246331625249880517e+02 2.916614336555514342e+02
3.242176840096306591e+02 2.925723281228454766e+02
3.237916290650712199e+02 2.934783236695129176e+02
3.233548580031427946e+02 2.943792017780811534e+02
3.229072502213502958e+02 2.952747447029351520e+02
3.224486713224773098e+02 2.961647193247661107e+02
3.219789833996534298e+02 2.970488811864004219e+02
3.214980593774424165e+02 2.979269816786451202e+02
3.210057653938634417e+02 2.987987583035128409e+02
3.205019682305135120e+02 2.996639378921464072e+02
3.199865358802123865e+02 3.005222363381587343e+02
3.194593381657837199e+02 3.013733583574373256e+02
3.189202474120070860e+02 3.022169972799926541e+02
3.183691391724414643e+02 3.030528348799676905e+02
3.178058930124014410e+02 3.038805412504698324e+02
3.172303933488455527e+02 3.046997747304188238e+02
3.166425301412728004e+02 3.055101817392196040e+02
3.160421910941979604e+02 3.063113901452610435e+02
3.154292885790289915e+02 3.071030286484489125e+02
3.148037328539458599e+02 3.078847064905097568e+02
3.141654393480418435e+02 3.086560175472029641e+02
3.135143496717691391e+02 3.094165572912647804e+02
3.128503982466944535e+02 3.101658943816030387e+02
3.121735516749747035e+02 3.109036038935842043e+02
3.114837795232541566e+02 3.116292416069451860e+02
3.107810679677160124e+02 3.123423553414265257e+02
3.100654293801725885e+02 3.130424947216239957e+02
3.093368878549057399e+02 3.137291970724684802e+02
3.085954821256731861e+02 3.144019893528129614e+02
3.078412858986159222e+02 3.150604108730814232e+02
3.070743881351671121e+02 3.157039928044699195e+02
3.062949015171065525e+02 3.163322679167106912e+02
3.055029631670427648e+02 3.169447724940216062e+02
3.046987314254955663e+02 3.175410431048890700e+02
3.038823995995005021e+02 3.181206367097952352e+02
3.030541825976388282e+02 3.186831152953747619e+02
3.022143218630046135e+02 3.192280545547997122e+02
3.013630853001062064e+02 3.197550465950042167e+02
3.005007616537424155e+02 3.202636934727436255e+02
2.996277004863198385e+02 3.207536811714251144e+02
2.987444213952574046e+02 3.212250017847943582e+02
2.978514874764337037e+02 3.216777660045320317e+02
2.969494512093672256e+02 3.221121140469996931e+02
2.960388492373861595e+02 3.225282065666967810e+02
2.951201937872721146e+02 3.229262044531270703e+02
2.941939876285655942e+02 3.233063010978913780e+02
2.932607092343023965e+02 3.236686875490022430e+02
2.923208186430521778e+02 3.240135632646962449e+02
2.913747617249480300e+02 3.243411467078720420e+02
2.904229625089243996e+02 3.246516526264853724e+02
2.894658273139769449e+02 3.249453002783558873e+02
2.885037447882780270e+02 3.252223109499484508e+02
2.875370875924165830e+02 3.254829111388944511e+02
2.865662112047646133e+02 3.257273257053227553e+02
2.855914547655654019e+02 3.259557772270571263e+02
2.846131428940271917e+02 3.261684901835276946e+02
2.836315852254389824e+02 3.263656859149688785e+02
2.826470773237726348e+02 3.265475829463236437e+02
2.816599000318644244e+02 3.267143882668176502e+02
2.806703232227168883e+02 3.268663137111397532e+02
2.796786048865259318e+02 3.270035688026383127e+02
2.786849894040204276e+02 3.271263411099503742e+02
2.776897136307327401e+02 3.272348372336370517e+02
2.766930016237775476e+02 3.273292350516050533e+02
2.756950697182840031e+02 3.274097217876896480e+02
2.746961250246581585e+02 3.274764762995480396e+02
2.736963657529787497e+02 3.275296598199704476e+02
2.726959833688017625e+02 3.275694405972164418e+02
2.716951619208701914e+02 3.275959771478610492e+02
2.706940787998562428e+02 3.276094191457269176e+02
2.696929053897619610e+02 3.276099099278642939e+02
2.686918075494908180e+02 3.275975864406383948e+02
2.676909460892881611e+02 3.275725788906534603e+02
2.666904772275283904e+02 3.275350110648003579e+02
2.656905529295892165e+02 3.274850020555836068e+02
2.646913214524370233e+02 3.274226629306403993e+02
2.636929278059072317e+02 3.273480973489249664e+02
2.626955140446335690e+02 3.272614033873656467e+02
2.616992196205524692e+02 3.271626734347990464e+02
2.607041818611405688e+02 3.270519930243494855e+02
2.597105363077649827e+02 3.269294413578111858e+02
2.587184170798684590e+02 3.267950913432658240e+02
2.577279572324644050e+02 3.266490096348543375e+02
2.567392891079998094e+02 3.264912566740232478e+02
2.557525446836575043e+02 3.263218867316876981e+02
2.547678559151786146e+02 3.261409479508688491e+02
2.537853557436136498e+02 3.259484790965977368e+02
2.528051766354752488e+02 3.257445189405253245e+02
2.518274523662174147e+02 3.255290982962186490e+02
2.508523181860699935e+02 3.253022412952336708e+02
2.498799110252657556e+02 3.250639661536517337e+02
2.489103698397912865e+02 3.248142852144044355e+02
2.479438359612895511e+02 3.245532049898945388e+02
2.469804534522040740e+02 3.242807262052978672e+02
2.460203694672497363e+02 3.239968438430331616e+02
2.450637346222818849e+02 3.237015471890020990e+02
2.441107033716284036e+02 3.233948198813186536e+02
2.431614343949307795e+02 3.230766399623686311e+02
2.422160909945162075e+02 3.227469799351736128e+02
2.412748415043004968e+02 3.224058068251724762e+02
2.403378597111801867e+02 3.220530822486824718e+02
2.394053256643655345e+02 3.216887615481149965e+02
2.384774279879974586e+02 3.213127895234529205e+02
2.375543573667700912e+02 3.209251177900102903e+02
2.366363140057267742e+02 3.205256871098715123e+02
2.357235109286829129e+02 3.201144223484969871e+02
2.348161613808777872e+02 3.196912621069411671e+02
2.339144948301443492e+02 3.192561243753085591e+02
2.330187453385277649e+02 3.188089332825206270e+02
2.321291636153620459e+02 3.183495957865740706e+02
2.312460036602290643e+02 3.178780296962447096e+02
2.303695362655595886e+02 3.173941386476614070e+02
2.295000476336421968e+02 3.168978175549476646e+02
2.286378301928275221e+02 3.163889702703481817e+02
2.277831940917226348e+02 3.158674906781309346e+02
2.269364641410926993e+02 3.153332701653209824e+02
2.260979805021232210e+02 3.147861982558794693e+02
2.252681033377180029e+02 3.142261575341314028e+02
2.244472051153925349e+02 3.136530371788940670e+02
2.236356757030675340e+02 3.130667266977978898e+02
2.228339335683392903e+02 3.124671030028754330e+02
2.220424026892624454e+02 3.118540639137957555e+02
2.212614888923051524e+02 3.112275567520738377e+02
2.204914859059381627e+02 3.105876875053451158e+02
2.197326777388106507e+02 3.099345816814455361e+02
2.189853384364838291e+02 3.092683828527561332e+02
2.182497310154149375e+02 3.085892521448224670e+02
2.175261064580930395e+02 3.078973676215295541e+02
2.168147027788963044e+02 3.071929235728736671e+02
2.161157441693020473e+02 3.064761297125978103e+02
2.154294402299900355e+02 3.057472102940479886e+02
2.147559852961775846e+02 3.050064031535333129e+02
2.140955653186648533e+02 3.042539522572548663e+02
2.134483372901029554e+02 3.034901244766071500e+02
2.128144453372811427e+02 3.027151933555280152e+02
2.121940273466190376e+02 3.019294332013903386e+02
2.115871872914345317e+02 3.011331399848359638e+02
2.109940208426629056e+02 3.003266093565200663e+02
2.104146101429632552e+02 2.995101403308535168e+02
2.098490062118013952e+02 2.986840465040367008e+02
2.092972617817375749e+02 2.978486320463591142e+02
2.087593953381493179e+02 2.970042154936680276e+02
2.082354175576854516e+02 2.961511109267257211e+02
2.077253284816803216e+02 2.952896298108433371e+02
2.072290989232728577e+02 2.944200912747157872e+02
2.067466961429660159e+02 2.935428061745016066e+02
2.062780751321784578e+02 2.926580822408128597e+02
2.058231669525962957e+02 2.917662296104428492e+02
2.053818972152914739e+02 2.908675505105165371e+02
2.049541798606332748e+02 2.899623424993843628e+02
2.045399186172169266e+02 2.890508975637343383e+02
2.041390065881351177e+02 2.881335021609019691e+02
2.037513247048931362e+02 2.872104376702553736e+02
2.033767477084954010e+02 2.862819777064682398e+02
2.030151445018692584e+02 2.853483881422762920e+02
2.026663754633822521e+02 2.844099282374618838e+02
2.023302928308885384e+02 2.834668504219725378e+02
2.020067441590654482e+02 2.825193990756601465e+02
2.016955745233062487e+02 2.815678099958393545e+02
2.013966286124619955e+02 2.806123100607865695e+02
2.011097332264454849e+02 2.796531227494706968e+02
2.008347342772923128e+02 2.786904570269812780e+02
2.005714514822491310e+02 2.777245210515969802e+02
2.003197216040508124e+02 2.767555098788104715e+02
2.000793717775165135e+02 2.757836133087011490e+02
1.998502269533603055e+02 2.748090138930445505e+02
1.996321151469543338e+02 2.738318859540118524e+02
1.994248638917242431e+02 2.728523967640036858e+02
1.992283005974185812e+02 2.718707066938284811e+02
1.990422528818663466e+02 2.708869693730920858e+02
1.988665488769446767e+02 2.699013318607624683e+02
1.987010175095891213e+02 2.689139348240280469e+02
1.985454914997658022e+02 2.679249123068774452e+02
1.983998062509897125e+02 2.669343922515619170e+02
1.982637891851798884e+02 2.659424981909384087e+02
1.981372861493454138e+02 2.649493457683528277e+02
1.980201260905053289e+02 2.639550477526800023e+02
1.979121590612325292e+02 2.629597094137520230e+02
1.978132225523719967e+02 2.619634328030055030e+02
1.977231622755087130e+02 2.609663145011894585e+02
1.976418273617709076e+02 2.599684464534275321e+02
1.975690691400906189e+02 2.589699162897744031e+02
1.975047412146015517e+02 2.579708074947689624e+02
1.974486995307312895e+02 2.569711995738722976e+02
1.974008024307760820e+02 2.559711682164454771e+02
1.973609106997179765e+02 2.549707854549758963e+02
1.973288876020111218e+02 2.539701198203144656e+02
1.973045989100357360e+02 2.529692364927339838e+02
1.972879185369737343e+02 2.519681973768075238e+02
1.972787150465937600e+02 2.509670615268194069e+02
1.972768629485833003e+02 2.499658850078709520e+02
1.972822425048442767e+02 2.489647211557966671e+02
1.972947313393803483e+02 2.479636206796589306e+02
1.973142114997493763e+02 2.469626317672995413e+02
1.973405731524009354e+02 2.459618003776274122e+02
1.973736991713111024e+02 2.449611699835079435e+02
1.974134807647296839e+02 2.439607820254873616e+02
1.974598114085992222e+02 2.429606759120298420e+02
1.975125870726835728e+02 2.419608891272564506e+02
1.975717059362474117e+02 2.409614573127538222e+02
1.976370667347896983e+02 2.399624142421442912e+02
1.977085722360559714e+02 2.389637921152285287e+02
1.977861281695363687e+02 2.379656216113839378e+02
1.978696404024746869e+02 2.369679317480458565e+02
1.979590176310177867e+02 2.359707501469523265e+02
1.980541706122943992e+02 2.349741030543962381e+02
1.981550121815995169e+02 2.339780154141087678e+02
1.982614628149505336e+02 2.329825115482323667e+02
1.983734341216064081e+02 2.319876134765372058e+02
1.984908465851185611e+02 2.309933428207635302e+02
1.986136247354955344e+02 2.299997204504669526e+02
1.987416863194950167e+02 2.290067651708283449e+02
1.988749629843222522e+02 2.280144963818235055e+02
1.990133750947040880e+02 2.270229308701871958e+02
1.991568560489562287e+02 2.260320861037204736e+02
1.993053336662065931e+02 2.250419777340157736e+02
1.994587385351670434e+02 2.240526207744033229e+02
1.996170094650056797e+02 2.230640305597556505e+02
1.997800772299449363e+02 2.220762202315675324e+02
1.999478788084502128e+02 2.210892029976745334e+02
2.001203529773906098e+02 2.201029915063698752e+02
2.002974424661310309e+02 2.191175982842882206e+02
2.004790856170051541e+02 2.181330342743555093e+02
2.006652253753791229e+02 2.171493104554794229e+02
2.008558212485935712e+02 2.161664402798247409e+02
2.010508771906143011e+02 2.151844455057689913e+02
2.012504069880421298e+02 2.142033499941494767e+02
2.014544268363562765e+02 2.132231783619355951e+02
2.016629553362292597e+02 2.122439560309171895e+02
2.018760134943375419e+02 2.112657092781798269e+02
2.020936247285621619e+02 2.102884652885620369e+02
2.023158148774865026e+02 2.093122522092921258e+02
2.025426122141112728e+02 2.083370992070121019e+02
2.027740474637154193e+02 2.073630365274033807e+02
2.030101538258020355e+02 2.063900955576359024e+02
2.032509670000771109e+02 2.054183088918754265e+02
2.034965252164161313e+02 2.044477104000933139e+02
2.037468692687785676e+02 2.034783353004351909e+02
2.040020425530381090e+02 2.025102202354196095e+02
2.042620911086987974e+02 2.015434033522520849e+02
2.045270636644706883e+02 2.005779243875549867e+02
2.047970116876810494e+02 1.996138247568339921e+02
2.050719894374969954e+02 1.986511476490164512e+02
2.053520540219344355e+02 1.976899381264208841e+02
2.056372654586272688e+02 1.967302432305380080e+02
2.059276867393237751e+02 1.957721120940211392e+02
2.062233859121693911e+02 1.948155966880261758e+02
2.065244313467079849e+02 1.938607504797438708e+02
2.068308948133386593e+02 1.929076294556061555e+02
2.071428519858766606e+02 1.919562924087771023e+02
2.074603823011898385e+02 1.910068010341109357e+02
2.077835735602402281e+02 1.900592216557159588e+02
2.081125069733452335e+02 1.891136202814539615e+02
2.084472745587677025e+02 1.881700686377005525e+02
2.087879741658959745e+02 1.872286427545930110e+02
2.091346992336101209e+02 1.862894193982805291e+02
2.094875589064319001e+02 1.853524835956346806e+02
2.098466557464900291e+02 1.844179206243105966e+02
2.102121022810869135e+02 1.834858223609965080e+02
2.105840197623603842e+02 1.825562872317445624e+02
2.109625252447492301e+02 1.816294153045983819e+02
2.113477462153543911e+02 1.807053143496574705e+02
2.117398152055681351e+02 1.797840980503946184e+02
2.121388699241435347e+02 1.788658863811593847e+02
2.125450533886127005e+02 1.779508060097864472e+02
2.129585140538143264e+02 1.770389907268498177e+02
2.133794059360943152e+02 1.761305819031548481e+02
2.138078945162361606e+02 1.752257317458220882e+02
2.142441441489489762e+02 1.743245979082847441e+02
2.146883297301252185e+02 1.734273494730778964e+02
2.151406327203526132e+02 1.725341657137708182e+02
2.156012450294124108e+02 1.716452387708864080e+02
2.160703588708288407e+02 1.707607691254221720e+02
2.165481790442060799e+02 1.698809726977948173e+02
2.170349172814558472e+02 1.690060788498227851e+02
2.175307922460691259e+02 1.681363312860640349e+02
2.180360304181511992e+02 1.672719895579591594e+02
2.185508738536566966e+02 1.664133349086746989e+02
2.190755562380287529e+02 1.655606572150553006e+02
2.196103389132369443e+02 1.647142781134982101e+02
2.201554774348519459e+02 1.638745321952660277e+02
2.207112400866571420e+02 1.630417800362708363e+02
2.212779029835380413e+02 1.622164071167196369e+02
2.218557502107262849e+02 1.613988260386522882e+02
2.224450764539390377e+02 1.605894808659177784e+02
2.230461712877877289e+02 1.597888381781016278e+02
2.236593408014207114e+02 1.589974056141514325e+02
2.242848939647337829e+02 1.582157253264113876e+02
2.249231380992241895e+02 1.574443735521090844e+02
2.255743870950402936e+02 1.566839710382506610e+02
2.262389441242204100e+02 1.559351725500221448e+02
2.269171249171545810e+02 1.551986918397325610e+02
2.276092236370790545e+02 1.544752763709954024e+02
2.283155329187803204e+02 1.537657306153234629e+02
2.290363281183477682e+02 1.530709072668802264e+02
2.297718700355978569e+02 1.523917163732951963e+02
2.305223880306893136e+02 1.517291141664893530e+02
2.312880900238114066e+02 1.510841212380716456e+02
2.320691358867695158e+02 1.504577994678200810e+02
2.328656454237162166e+02 1.498512681633967247e+02
2.336776903836575627e+02 1.492657031897323350e+02
2.345052626271537974e+02 1.487023000763725520e+02
2.353483029610551398e+02 1.481623211022750013e+02
2.362066544881826076e+02 1.476470327974492989e+02
2.370800750594614783e+02 1.471577261486712018e+02
2.379682225993676639e+02 1.466956940139631911e+02
2.388706545559840038e+02 1.462622295819267606e+02
2.397868024245967433e+02 1.458585674965447083e+02
2.407159923737733891e+02 1.454859126646582581e+02
2.416574306254598241e+02 1.451453901663601584e+02
2.426102106684835178e+02 1.448380335407448740e+02
2.435733150494782251e+02 1.445647479900939061e+02
2.445456366689613219e+02 1.443263295136719080e+02
