2.837597402597402834e+02 1.690584415584414728e+02
2.845846665631162296e+02 1.696259357769526446e+02
2.853923617572243074e+02 1.702176997742156743e+02
2.861824983212461575e+02 1.708327147812924522e+02
2.869548271219651383e+02 1.714699513865385256e+02
2.877091690812445108e+02 1.721283839940077200e+02
2.884454105480236308e+02 1.728069979690436924e+02
2.891634902258458624e+02 1.735048039150998989e+02
2.898634034294775574e+02 1.742208318505181524e+02
2.905451945932172748e+02 1.749541381565435074e+02
2.912089495451422749e+02 1.757038111189798997e+02
2.918547771245114291e+02 1.764689840393488964e+02
2.924828321194726755e+02 1.772488123465567753e+02
2.930932881023667846e+02 1.780424943382536185e+02
2.936863393712368975e+02 1.788492657481429262e+02
2.942621875512930387e+02 1.796684060526120845e+02
2.948210655415911674e+02 1.804992184243040185e+02
2.953632046616893376e+02 1.813410502651724983e+02
2.958888386997192583e+02 1.821932862988460329e+02
2.963982133128204168e+02 1.830553399234540279e+02
2.968915758561534517e+02 1.839266572175755812e+02
2.973691689568674974e+02 1.848067178258027923e+02
2.978312348896053550e+02 1.856950298293639321e+02
2.982780140649018676e+02 1.865911284193266511e+02
2.987097437242086357e+02 1.874945745442254577e+02
2.991266568219937199e+02 1.884049535512342004e+02
2.995289713480446494e+02 1.893218780113255946e+02
2.999169106010484711e+02 1.902449768335195301e+02
3.002906836873368093e+02 1.911739024483004243e+02
3.006504972472419013e+02 1.921083242568535638e+02
3.009965372670414467e+02 1.930479342387291126e+02
3.013289993935672442e+02 1.939924341825090153e+02
3.016480604283004254e+02 1.949415452766587293e+02
3.019538892333130775e+02 1.958950027363398192e+02
3.022466465370799256e+02 1.968525548593524945e+02
3.025264847851909735e+02 1.978139621239554060e+02
3.027935480289741008e+02 1.987789963278931680e+02
3.030479718457544323e+02 1.997474397675292153e+02
3.032898832851461748e+02 2.007190844556397167e+02
3.035194008363815783e+02 2.016937313761586097e+02
3.037366258361315658e+02 2.026711916222695322e+02
3.039416654887760956e+02 2.036512804960093490e+02
3.041346141211045619e+02 2.046338213653101263e+02
3.043155448505848426e+02 2.056186462404097881e+02
3.044845413843247570e+02 2.066055891482680806e+02
3.046416668820803011e+02 2.075944915198941771e+02
3.047869772182751831e+02 2.085851990301651142e+02
3.049205267275466440e+02 2.095775604222041295e+02
3.050423499548489872e+02 2.105714295338924558e+02
3.051524869074823982e+02 2.115666614920744451e+02
3.052509553584703212e+02 2.125631156210932602e+02
3.053377773281949885e+02 2.135606520153193344e+02
3.054129564772687786e+02 2.145591333813432016e+02
3.054764949555632256e+02 2.155584230345181993e+02
3.055283830979088293e+02 2.165583853145856494e+02
3.055686030429251900e+02 2.175588848233066415e+02
3.055971307133746677e+02 2.185597859333702786e+02
3.056139298402431450e+02 2.195609525448446391e+02
3.056189589481666644e+02 2.205622474089436480e+02
3.056121667455239503e+02 2.215635318163247689e+02
3.055934894184723021e+02 2.225646649800737009e+02
3.055628654937806914e+02 2.235655038801374133e+02
3.055202030385246985e+02 2.245659018352031637e+02
3.054654256589917622e+02 2.255657094886370544e+02
3.053984351739461545e+02 2.265647730465033476e+02
3.053191165527757107e+02 2.275629333715781684e+02
3.052273585791381265e+02 2.285600269609529107e+02
3.051230351870794948e+02 2.295558841031243276e+02
3.050060086269813269e+02 2.305503282986312854e+02
3.048761309731370375e+02 2.315431756665388434e+02
3.047332439894030927e+02 2.325342341899822145e+02
3.045771790038216977e+02 2.335233029181183610e+02
3.044077567963659590e+02 2.345101711212534781e+02
3.042247875046031709e+02 2.354946173959644398e+02
3.040280641816582374e+02 2.364764073944013489e+02
3.038173735180328094e+02 2.374552947440068635e+02
3.035924970004475654e+02 2.384310205703743009e+02
3.033531828403424697e+02 2.394033056729236364e+02
3.030991938672723904e+02 2.403718604344721541e+02
3.028302658779990111e+02 2.413363736029221513e+02
3.025461163832991929e+02 2.422965121562476725e+02
3.022464672610398679e+02 2.432519263541328201e+02
3.019310240626815016e+02 2.442022423002962057e+02
3.015996513510540922e+02 2.451471215827304491e+02
3.012524662991008313e+02 2.460863060256427843e+02
3.008896458069879145e+02 2.470195618083926092e+02
3.005113840958911737e+02 2.479466667068960533e+02
3.001178950504758518e+02 2.488674121500886542e+02
2.997094306008629587e+02 2.497816128988543767e+02
2.992862567087739762e+02 2.506890987827511594e+02
2.988486559208953395e+02 2.515897168321690174e+02
2.983969433005846099e+02 2.524833406821820176e+02
2.979314434066629929e+02 2.533698610634111787e+02
2.974524970581235834e+02 2.542491901580506806e+02
2.969604592785600516e+02 2.551212617407122139e+02
2.964556972560528720e+02 2.559860311337398002e+02
2.959385872834390625e+02 2.568434743403790321e+02
2.954095165266644472e+02 2.576935899100953407e+02
2.948688767575514476e+02 2.585363958045711001e+02
2.943170643722123145e+02 2.593719297798086245e+02
2.937544787430587689e+02 2.602002486436730351e+02
2.931815206815048782e+02 2.610214274202479601e+02
2.925985910251851010e+02 2.618355584427991971e+02
2.920060893537666971e+02 2.626427503922633377e+02
2.914044128350329288e+02 2.634431272972210536e+02
2.907939552007797488e+02 2.642368275101433710e+02
2.901751058502443925e+02 2.650240026733772538e+02
2.895482490772322990e+02 2.658048166869081683e+02
2.889137634158663559e+02 2.665794446884725630e+02
2.882720210988949816e+02 2.673480720551112881e+02
2.876233876217737588e+02 2.681108934338132599e+02
2.869682214052337486e+02 2.688681118075130598e+02
2.863068722286257071e+02 2.696199364307407791e+02
2.856396832648018744e+02 2.703665838685159883e+02
2.849669922966174340e+02 2.711082784507615315e+02
2.842891278259513683e+02 2.718452480723797748e+02
2.836064078369630010e+02 2.725777221780171544e+02
2.829191481989336125e+02 2.733059388246912249e+02
2.822276552613176364e+02 2.740301371351479816e+02
2.815322256069023865e+02 2.747505561924690483e+02
2.808331549117754093e+02 2.754674428688017542e+02
2.801307250535409707e+02 2.761810386448468080e+02
2.794252189617992030e+02 2.768915933983440709e+02
2.787169070473333363e+02 2.775993513921924318e+02
2.780060590248202743e+02 2.783045623184545434e+02
2.772929365218568591e+02 2.790074733035049803e+02
2.765777962514839601e+02 2.797083314355344328e+02
2.758608918516340509e+02 2.804073850505067753e+02
2.751424714077111844e+02 2.811048806194401095e+02
2.744227785488889708e+02 2.818010632803250246e+02
2.737020548123546178e+02 2.824961787297295928e+02
2.729805376263591370e+02 2.831904706045581861e+02
2.722584615399995300e+02 2.838841812272501670e+02
2.715360585783055853e+02 2.845775514673055682e+02
2.708135585726577119e+02 2.852708205914194650e+02
2.700911895241665661e+02 2.859642261611113554e+02
2.693691778572662656e+02 2.866580038280741292e+02
2.686477486925280118e+02 2.873523871611606637e+02
2.679271262197820533e+02 2.880476075884435545e+02
2.672075339801149880e+02 2.887438942539294544e+02
2.664891951457836399e+02 2.894414738809977052e+02
2.657723328911022804e+02 2.901405707369548850e+02
2.650571706742940137e+02 2.908414065111743980e+02
2.643439319948029151e+02 2.915441996676121903e+02
2.636328398294887734e+02 2.922491644982601429e+02
2.629239669381447584e+02 2.929563609357462610e+02
2.622170950317142797e+02 2.936655575639940139e+02
2.615119725065575267e+02 2.943764936539032533e+02
2.608083478879192398e+02 2.950889123669618925e+02
2.601059700607991090e+02 2.958025604024729773e+02
2.594045869165091744e+02 2.965171861069584907e+02
2.587039469992965337e+02 2.972325405509042753e+02
2.580037988136699028e+02 2.979483763092221125e+02
2.573038907666440309e+02 2.986644468785236768e+02
2.566039709342509809e+02 2.993805059275962890e+02
2.559037872606705548e+02 3.000963069718682164e+02
2.552030875077460621e+02 3.008116028024068100e+02
2.545016190985800222e+02 3.015261448068353616e+02
2.537991289906703685e+02 3.022396823101281029e+02
2.530953632930071535e+02 3.029519616483172513e+02
2.523900685529968655e+02 3.036627268776826440e+02
2.516829904411413281e+02 3.043717179006998208e+02
2.509738741395585748e+02 3.050786702465672988e+02
2.502624643622559404e+02 3.057833144646101005e+02
2.495485054005718837e+02 3.064853755140766793e+02
2.488317411975489790e+02 3.071845721509450300e+02
2.481119154551982717e+02 3.078806163126976116e+02
2.473887717788160217e+02 3.085732125024298398e+02
2.466620538627205406e+02 3.092620571741189224e+02
2.459315057219710070e+02 3.099468381214061878e+02
2.451968719748166450e+02 3.106272338728451814e+02
2.444578981807837295e+02 3.113029130972363987e+02
2.437143285153511272e+02 3.119735309818437941e+02
2.429659133833185365e+02 3.126387365460341812e+02
2.422124039505312396e+02 3.132981655579233120e+02
2.414535507631062217e+02 3.139514375662828911e+02
2.406891119641720991e+02 3.145981640405621533e+02
2.399188487562005037e+02 3.152379418899798225e+02
2.391425253265578590e+02 3.158703517918067405e+02
2.383599150338434072e+02 3.164949642033726036e+02
2.375707975314714986e+02 3.171113344353298658e+02
2.367749566105652548e+02 3.177189979981378087e+02
2.359721930446808926e+02 3.183174856272366924e+02
2.351623141713796770e+02 3.189063081766988716e+02
2.343451392527584005e+02 3.194849616976274547e+02
2.335205015394146812e+02 3.200529284703656572e+02
2.326882532851506937e+02 3.206096826766128061e+02
2.318482622259317338e+02 3.211546837573662287e+02
2.310004156347311550e+02 3.216873807011274380e+02
2.301446222016017202e+02 3.222072135220312248e+02
2.292808139219698091e+02 3.227136150221087973e+02
2.284089479624727517e+02 3.232060128509376113e+02
2.275290077609687955e+02 3.236838305406676000e+02
2.266410052003203930e+02 3.241464908019636937e+02
2.257449849101053871e+02 3.245934239356644753e+02
2.248410217824018957e+02 3.250240639266992275e+02
2.239292235112838512e+02 3.254378545181115783e+02
2.230097314542091453e+02 3.258342530137078370e+02
2.220827211617895500e+02 3.262127342867059951e+02
2.211484025312234678e+02 3.265727949443854072e+02
2.202070195435820779e+02 3.269139575886122202e+02
2.192588495521567893e+02 3.272357751027216750e+02
2.183042020981903022e+02 3.275378348871066692e+02
2.173434172413635395e+02 3.278197629595572948e+02
2.163768634051266417e+02 3.280812278324456770e+02
2.154049347509047436e+02 3.283219440777260729e+02
2.144280471997671498e+02 3.285416712302338738e+02
2.134466365169688515e+02 3.287402217944377298e+02
2.124612097528745096e+02 3.289177751007764527e+02
2.114723013696678038e+02 3.290747887332631194e+02
2.104804123072572395e+02 3.292117226287998051e+02
2.094860100113047849e+02 3.293290274901506791e+02
2.084895291903176542e+02 3.294271284775850859e+02
2.074913759096347405e+02 3.295064331774819948e+02
2.064919300764704531e+02 3.295673309959788639e+02
2.054915475191412781e+02 3.296101844155314211e+02
2.044905632449905113e+02 3.296353463710057099e+02
2.034892927205827107e+02 3.296431544333223655e+02
2.024880340637388372e+02 3.296339029292507803e+02
2.014870698960881725e+02 3.296079028434464817e+02
2.004866698844077746e+02 3.295654081975708323e+02
1.994870907067330279e+02 3.295066884343418678e+02
1.984885789538616905e+02 3.294319793467902855e+02
1.974913729640984741e+02 3.293414922478796143e+02
1.964957023487073968e+02 3.292354350945138890e+02
1.955017904345903617e+02 3.291139955731691771e+02
1.945098555260466924e+02 3.289773430135531953e+02
1.935201118241432141e+02 3.288256311569831496e+02
1.925327705059835637e+02 3.286589984534945756e+02
1.915480407659370030e+02 3.284775683541660669e+02
1.905661308253744437e+02 3.282814495962576302e+02
1.895872489173109159e+02 3.280707364795165972e+02
1.886116042521913130e+02 3.278455091326973729e+02
1.876394079709007201e+02 3.276058337699778349e+02
1.866708740909236894e+02 3.273517629375593287e+02
1.857062204514274697e+02 3.270833357513161559e+02
1.847456696628941302e+02 3.268005781269209251e+02
1.837894500667829334e+02 3.265035030044450082e+02
1.828377967105544997e+02 3.261921105700063777e+02
1.818909523432306230e+02 3.258663884776382815e+02
1.809491684364929256e+02 3.255263120751896508e+02
1.800127076874669001e+02 3.251718408911398797e+02
1.790818420413646095e+02 3.248029272702379444e+02
1.781568552455047154e+02 3.244195123028407579e+02
1.772380447304360871e+02 3.240215244386760105e+02
1.763257229713931054e+02 3.236088797784716462e+02
1.754202230718262001e+02 3.231814737724899373e+02
1.745218849993840706e+02 3.227392137462663868e+02
1.736310782368413754e+02 3.222819744601431466e+02
1.727481851740381842e+02 3.218096361763811046e+02
1.718736179238021862e+02 3.213220556383408848e+02
1.710078033859204822e+02 3.208190975948736536e+02
1.701512009352777568e+02 3.203006066851387459e+02
1.693043000358080405e+02 3.197664173619381813e+02
1.684676117637509378e+02 3.192163712771990163e+02
1.676416832141283351e+02 3.186502983766241641e+02
1.668270960198293835e+02 3.180680246919471301e+02
1.660244706140500170e+02 3.174693715385332666e+02
1.652344564827943714e+02 3.168541733367156326e+02
1.644577495285570308e+02 3.162222592233610499e+02
1.636950919422287996e+02 3.155734600768292353e+02
1.629472619877569457e+02 3.149076261681432243e+02
1.622150853215495658e+02 3.142246187207622370e+02
1.614994383933205597e+02 3.135243126534438147e+02
1.608012441364190295e+02 3.128066073536385829e+02
1.601214718350379655e+02 3.120714322396761986e+02
1.594611362658974656e+02 3.113187528360451779e+02
1.588212971976681160e+02 3.105485763368377548e+02
1.582030761947147823e+02 3.097609439256496557e+02
1.576076006943663970e+02 3.089559800399568985e+02
1.570360240553691824e+02 3.081338760582905820e+02
1.564890486279101367e+02 3.072952027113638565e+02
1.559670308158350451e+02 3.064407711443353719e+02
1.554702357070954406e+02 3.055714313009673901e+02
1.549988340947511460e+02 3.046880631723407760e+02
1.545529038420204131e+02 3.037915662059867827e+02
1.541324327783230501e+02 3.028828490898569612e+02
1.537373229418716107e+02 3.019628201513335739e+02
1.533673959519735774e+02 3.010323785649827641e+02
1.530223992757370297e+02 3.000924065123543301e+02
1.527020131486389971e+02 2.991437623864443367e+02
1.524058675027781931e+02 2.981872722500244777e+02
1.521335237807070655e+02 2.972237334227190786e+02
1.518845053703969938e+02 2.962539031833993590e+02
1.516583075052703862e+02 2.952784965489959177e+02
1.514543905047569012e+02 2.942981884366765826e+02
1.512721888226863030e+02 2.933136117891137360e+02
1.511111209244425311e+02 2.923253566264249912e+02
1.509706089222926835e+02 2.913339687918268623e+02
1.508500466670683693e+02 2.903399565609125830e+02
1.507488383164651395e+02 2.893437866382953985e+02
1.506663887233055732e+02 2.883458879931163210e+02
1.506021067444700634e+02 2.873466535814312692e+02
1.505554200785287833e+02 2.863464417658162233e+02
1.505257459612792843e+02 2.853455799658084402e+02
1.505125292068620979e+02 2.843443648235116257e+02
1.505152225144612999e+02 2.833430653420534213e+02
1.505333003264923661e+02 2.823419247790619124e+02
1.505662404374916150e+02 2.813411623737089258e+02
1.506135449080004776e+02 2.803409754449583602e+02
1.506747309232301006e+02 2.793415411246117515e+02
1.507493311553726016e+02 2.783430179654238259e+02
1.508368939669628332e+02 2.773455474658169919e+02
1.509369855556217601e+02 2.763492557289444562e+02
1.510491933748262454e+02 2.753542553522560183e+02
1.511731049372541520e+02 2.743606442534894541e+02
1.513083443641840233e+02 2.733685111541274750e+02
1.514545297613585717e+02 2.723779313928209831e+02
1.516113126166735867e+02 2.713889732621232156e+02
1.517783464949535528e+02 2.704016945429914358e+02
1.519553010303785072e+02 2.694161453608336387e+02
1.521418611391160596e+02 2.684323690061634125e+02
1.523377239765234776e+02 2.674504022047423177e+02
1.525425985309750558e+02 2.664702757378994988e+02
1.527562052094241949e+02 2.654920150107163295e+02
1.529782754186956026e+02 2.645156405715256369e+02
1.532085511458679719e+02 2.635411685860902367e+02
1.534467845405492312e+02 2.625686112696964756e+02
1.536927375013520702e+02 2.615979772802665480e+02
1.539461855217394657e+02 2.606292732058648767e+02
1.542069059994889528e+02 2.596625009682070413e+02
1.544746864065897682e+02 2.586976602425418719e+02
1.547493263720358811e+02 2.577347494986135530e+02
1.550306314215940802e+02 2.567737646453086313e+02
1.553184097777384522e+02 2.558146983077892855e+02
1.556124851199928116e+02 2.548575439268315108e+02
1.559126806666579625e+02 2.539022912795651905e+02
1.562188271977528871e+02 2.529489290901694858e+02
1.565307678534468607e+02 2.519974469060382205e+02
1.568483407591459695e+02 2.510478296607379889e+02
1.571713989151879787e+02 2.501000643757433011e+02
1.574997959264348992e+02 2.491541356586646998e+02
1.578333889902577880e+02 2.482100268021381737e+02
1.581720466039774067e+02 2.472677227078689555e+02
1.585156339113015349e+02 2.463272048443336644e+02
1.588640232699843295e+02 2.453884551152794700e+02
1.592170933766951464e+02 2.444514557533396442e+02
1.595747244481009091e+02 2.435161876566875776e+02
1.599367991258193911e+02 2.425826307973137546e+02
1.603032049961754808e+02 2.416507652994322655e+02
1.606738327064072109e+02 2.407205708295958573e+02
1.610485917152051627e+02 2.397920330704454273e+02
1.614275094906375045e+02 2.388651846824461416e+02
1.618106655407709411e+02 2.379400803737251238e+02
1.621981399539827748e+02 2.370167764994660047e+02
1.625900131070652037e+02 2.360953309922151107e+02
1.629863672337593812e+02 2.351758040918321058e+02
1.633872841216597465e+02 2.342582574299479177e+02
1.637928428618231180e+02 2.333427530602182003e+02
1.642031286417750664e+02 2.324293573988921651e+02
1.646182205994869889e+02 2.315181358938280027e+02
1.650382035138551657e+02 2.306091583243182868e+02
1.654631561251648009e+02 2.297024935263177667e+02
1.658931646518678917e+02 2.287982157212929053e+02
1.663283082226872125e+02 2.278963977546920887e+02
1.667686682851094986e+02 2.269971155501447413e+02
1.672143265337285811e+02 2.261004472206118692e+02
1.676653641105825443e+02 2.252064727406631448e+02
1.681218615015358466e+02 2.243152739453130664e+02
1.685838984290783173e+02 2.234269345248507364e+02
1.690515537416425502e+02 2.225415400154098222e+02
1.695249052995621355e+02 2.216591777850177039e+02
1.700040298578169029e+02 2.207799370148725302e+02
1.704890029457347396e+02 2.199039086755930157e+02
1.709798987438473148e+02 2.190311854981930537e+02
1.714767927524441973e+02 2.181618635494216107e+02
1.719797558927688499e+02 2.172960389427623795e+02
1.724888556731047800e+02 2.164338084281007184e+02
1.730041658923271086e+02 2.155752752065365598e+02
1.735257469787900959e+02 2.147205372646394039e+02
1.740536687427382674e+02 2.138697010555272300e+02
1.745879878271594521e+02 2.130228677622260136e+02
1.751287698891882485e+02 2.121801470863637462e+02
1.756760677454867050e+02 2.113416434890896198e+02
1.762299358901346125e+02 2.105074653407582161e+02
1.767904305517643593e+02 2.096777251983336328e+02
1.773575966444259677e+02 2.088525310164746998e+02
1.779314799636781572e+02 2.080319942332846495e+02
1.785121231895229528e+02 2.072162271112573819e+02
1.790995661367745697e+02 2.064053428922062210e+02
1.796938452417835776e+02 2.055994554047158545e+02
1.802949906370025417e+02 2.047986768046166901e+02
1.809030304084899115e+02 2.040031206142280951e+02
1.815179886869621271e+02 2.032129002646627782e+02
1.821398855403889172e+02 2.024281289201141476e+02
1.827687368744224159e+02 2.016489192962003472e+02
1.834045543413322719e+02 2.008753834728740060e+02
1.840473452580985736e+02 2.001076327024636328e+02
1.846971125342847415e+02 1.993457772134689208e+02
1.853538546102825535e+02 1.985899260107813120e+02
1.860175654064755122e+02 1.978401866730588381e+02
1.866882342838270006e+02 1.970966651480227938e+02
1.873658460163435109e+02 1.963594655464919754e+02
1.880503807758072412e+02 1.956286899360067082e+02
1.887418141291094855e+02 1.949044381349263233e+02
1.894401170484481156e+02 1.941868075079109985e+02
1.901452559345824511e+02 1.934758927637186332e+02
1.908571926532610235e+02 1.927717857562593053e+02
1.915758845848607166e+02 1.920745752898583874e+02
1.923012846871955333e+02 1.913843469296722333e+02
1.930333424438400129e+02 1.907011837623071528e+02
1.937720028521514450e+02 1.900251650984010610e+02
1.945172050182682142e+02 1.893563645880682884e+02
1.952688851226539555e+02 1.886948531438096097e+02
1.960269754249959249e+02 1.880406976014787404e+02
1.967914071078498068e+02 1.873939638126794875e+02
1.975621044918767097e+02 1.867547096185021189e+02
1.983389872854247926e+02 1.861229869488578004e+02
1.991219783343995289e+02 1.854988511859892810e+02
1.999109896738989676e+02 1.848823436342529192e+02
2.007059367274704584e+02 1.842735089476963424e+02
2.015067270697748256e+02 1.836723805306383213e+02
2.023132724478200259e+02 1.830789960445357281e+02
2.031254744910384886e+02 1.824933780126712577e+02
2.039432374636076304e+02 1.819155506631078651e+02
2.047664656383850854e+02 1.813455364758476946e+02
2.055950569336407909e+02 1.807833467187020347e+02
2.064289098687796127e+02 1.802289910471484404e+02
2.072679219031069806e+02 1.796824749742869756e+02
2.081119892770387310e+02 1.791437993986567960e+02
2.089610072036193458e+02 1.786129606457507180e+02
2.098148727445762347e+02 1.780899549526863552e+02
2.106734780395068185e+02 1.775747672775857211e+02
2.115367160499663441e+02 1.770673801992785457e+02
2.124044845175833700e+02 1.765677808544380127e+02
2.132766729871136704e+02 1.760759383947236927e+02
2.141531804194116262e+02 1.755918345154854876e+02
2.150338992185327527e+02 1.751154351814632832e+02
2.159187322647002247e+02 1.746467215080323285e+02
2.168075882089611923e+02 1.741856822149715640e+02
2.177003812604382631e+02 1.737323139900019271e+02
2.185970285321149618e+02 1.732866169101517357e+02
2.194974528301893599e+02 1.728486005467490543e+02
2.204015815702607313e+02 1.724182826491910987e+02
2.213093453561959052e+02 1.719956868924386981e+02
2.222206775092745374e+02 1.715808424067363376e+02
2.231355147578918832e+02 1.711737858696585590e+02
2.240537965759617123e+02 1.707745607410656419e+02
2.249754663238696821e+02 1.703832206722353533e+02
2.259004681652897659e+02 1.699998230960305818e+02
2.268287468479952338e+02 1.696244289985999103e+02
2.277602512242973773e+02 1.692571122676323796e+02
2.286949313559964594e+02 1.688979536113471909e+02
2.296327355150905021e+02 1.685470331814739779e+02
2.305736167373756018e+02 1.682044485704592489e+02
2.315175264241366619e+02 1.678702988181204887e+02
2.324644154463059635e+02 1.675446876829163614e+02
2.334142387030784960e+02 1.672277380525958108e+02
2.343669463630864129e+02 1.669195672949086600e+02
2.353224898009565038e+02 1.666203053936969809e+02
2.362808224975871951e+02 1.663300999521217420e+02
2.372418922670461257e+02 1.660490921003914764e+02
2.382056477681453543e+02 1.657774385872645837e+02
2.391720368813595030e+02 1.655153085547598266e+02
2.401410048165553519e+02 1.652628785015996300e+02
2.411124932132859442e+02 1.650203300057771401e+02
2.420864419730420423e+02 1.647878585554463200e+02
2.430627877364458698e+02 1.645656699364684243e+02
2.440414634125295663e+02 1.643539805430160925e+02
2.450223976738191709e+02 1.641530176934585938e+02
2.460055144141600749e+02 1.639630199491292615e+02
2.469907321661266053e+02 1.637842374331367807e+02
2.479779634747810348e+02 1.636169321458854427e+02
2.489671142244988573e+02 1.634613782734052165e+02
2.499580835121450946e+02 1.633178667881440447e+02
2.509507620135912873e+02 1.631867010775670508e+02
2.519450301523316398e+02 1.630681882762984571e+02
2.529407609148301503e+02 1.629626706736575557e+02
2.539378134096791086e+02 1.628704791071408238e+02
2.549360372403360770e+02 1.627919848061914934e+02
2.559352670234541449e+02 1.627275558197893872e+02
2.569353234521588547e+02 1.626775813823117005e+02
2.579360113961390084e+02 1.626424680481478617e+02
2.589371182635879336e+02 1.626226370614311065e+02
2.599384124982478852e+02 1.626185240986883400e+02
2.609396420013811735e+02 1.626305788650929856e+02
2.619405323184186614e+02 1.626592690140973616e+02
2.629407845046938519e+02 1.627050802245727823e+02
2.639400742903394530e+02 1.627684955212335751e+02
2.649380480760024170e+02 1.628500326103093414e+02
2.659343230666704585e+02 1.629502040210420830e+02
2.669284841989090751e+02 1.630695352019188817e+02
2.679200818138408522e+02 1.632085621535445625e+02
2.689086301776648043e+02 1.633678240950985980e+02
2.698936058079499958e+02 1.635478603380503273e+02
2.708744460017240385e+02 1.637492066988506281e+02
2.718505432678291527e+02 1.639724096045729311e+02
2.728212549261855315e+02 1.642179736888976151e+02
2.737858879467458451e+02 1.644864198545552085e+02
2.747437137212714902e+02 1.647782199354688828e+02
2.756939555432784346e+02 1.650938389160432394e+02
2.766357972881621663e+02 1.654337008733766652e+02
2.775683873433727058e+02 1.657981798089403185e+02
2.784908367500254371e+02 1.661876067787784450e+02
2.794022260270805305e+02 1.666022549540330715e+02
2.803016106921731989e+02 1.670423323474759627e+02
2.811880278983143739e+02 1.675079748601648078e+02
2.820605041652454474e+02 1.679992398722563394e+02
2.829180641385778472e+02 1.685161006144130340e+02
