1.557597402597402549e+02 3.203311688311687249e+02
1.553574540055042803e+02 3.194128851898401535e+02
1.549877173574816140e+02 3.184810199426531199e+02
1.546511072388499315e+02 3.175366834091236683e+02
1.543480226756412321e+02 3.165810590885837428e+02
1.540787136201802525e+02 3.156153719014636181e+02
1.538432767262780771e+02 3.146408718446845114e+02
1.536416536569229834e+02 3.136588171306277673e+02
1.534736375297016195e+02 3.126704564059517111e+02
1.533388883233618856e+02 3.116770117105151030e+02
1.532369338217145867e+02 3.106796659883120242e+02
1.531671830174593367e+02 3.096795500751779855e+02
1.531289541063426896e+02 3.086777318203599521e+02
1.531214956852030014e+02 3.076752100787708173e+02
1.531439641778746932e+02 3.066729103256309941e+02
1.531954810438677157e+02 3.056716810890216607e+02
1.532751322424125817e+02 3.046722943151303298e+02
1.533819757053769308e+02 3.036754459281570462e+02
1.535150524904601639e+02 3.026817575677482068e+02
1.536733967427084053e+02 3.016917793595554826e+02
1.538560709667417257e+02 3.007059987447922254e+02
1.540621217486893784e+02 2.997248363690683846e+02
1.542906321731030914e+02 2.987486587930170572e+02
1.545407037962595211e+02 2.977777794041886636e+02
1.548114606489272376e+02 2.968124627982799097e+02
1.551020720937128203e+02 2.958529353324177009e+02
1.554117135328649226e+02 2.948993775369925743e+02
1.557396122528454327e+02 2.939519415391703205e+02
1.560850239913105213e+02 2.930107479898093175e+02
1.564472336759048687e+02 2.920758894324916355e+02
1.568255557793564208e+02 2.911474334553198560e+02
1.572193509220812189e+02 2.902254328608021297e+02
1.576279931421989033e+02 2.893099151404979352e+02
1.580508998619410193e+02 2.884008978365214375e+02
1.584875147328235983e+02 2.874983839829428121e+02
1.589373070211053971e+02 2.866023639978393476e+02
1.593997708925058419e+02 2.857128174003682375e+02
1.598744351383738831e+02 2.848297201105355612e+02
1.603608402222833718e+02 2.839530343060069413e+02
1.608585675770871433e+02 2.830827261799050802e+02
1.613672026243376081e+02 2.822187470879263174e+02
1.618863603599411647e+02 2.813610493318305998e+02
1.624156741610715926e+02 2.805095813105488674e+02
1.629548032533743083e+02 2.796642936000209829e+02
1.635034101836680520e+02 2.788251258831857626e+02
1.640611855368132410e+02 2.779920237254595463e+02
1.646278301362803802e+02 2.771649282320097996e+02
1.652030677384657338e+02 2.763437856074218075e+02
1.657866252215960117e+02 2.755285343801120348e+02
1.663782491306868394e+02 2.747191176550565501e+02
1.669776977554855364e+02 2.739154784351303533e+02
1.675847405811314843e+02 2.731175598885146201e+02
1.681991586313504285e+02 2.723253062662581669e+02
1.688207482121861744e+02 2.715386665646560118e+02
1.694493040531118311e+02 2.707575817802343749e+02
1.700846423071564573e+02 2.699820036419757230e+02
1.707265790910704197e+02 2.692118779650609213e+02
1.713749487556743816e+02 2.684471601131953662e+02
1.720295825700362400e+02 2.676877976328927389e+02
1.726903259785958085e+02 2.669337451392218554e+02
1.733570311710843157e+02 2.661849585179893438e+02
1.740295568980817791e+02 2.654413951053539336e+02
1.747077675711823588e+02 2.647030131931579149e+02
1.753915342010363645e+02 2.639697731887656005e+02
1.760807329165037345e+02 2.632416365508029799e+02
1.767752453206728092e+02 2.625185663812320627e+02
1.774749581294781251e+02 2.618005273468146470e+02
1.781797629436621264e+02 2.610874857065996935e+02
1.788895618106179768e+02 2.603794151700275279e+02
1.796042508092656362e+02 2.596762807321308628e+02
1.803237373945207480e+02 2.589780561550348352e+02
1.810479329015940380e+02 2.582847168003416982e+02
1.817767487132740882e+02 2.575962357257129156e+02
1.825101043027512446e+02 2.569125922965160385e+02
1.832479202658044528e+02 2.562337650487238534e+02
1.839901185605909006e+02 2.555597319638727356e+02
1.847366322676930679e+02 2.548904814430967747e+02
1.854873876699545292e+02 2.542259926589557892e+02
1.862423185947926640e+02 2.535662515138797346e+02
1.870013631192150569e+02 2.529112472742504281e+02
1.877644616019395016e+02 2.522609704924422545e+02
1.885315537552632748e+02 2.516154096143924335e+02
1.893025841490536152e+02 2.509745575337980767e+02
1.900774996947022544e+02 2.503384088120146771e+02
1.908562495580808900e+02 2.497069596913413534e+02
1.916387850764575091e+02 2.490802081091727018e+02
1.924250602681062503e+02 2.484581544621313469e+02
1.932150303485940697e+02 2.478407998558283509e+02
1.940086521544009486e+02 2.472281467051906532e+02
1.948058849788403677e+02 2.466201999211889699e+02
1.956066899222946063e+02 2.460169661981030913e+02
1.964110298288587444e+02 2.454184540355653610e+02
1.972188692256200682e+02 2.448246737623110505e+02
1.980301742644066678e+02 2.442356375617457900e+02
1.988449126658431396e+02 2.436513594994379446e+02
1.996630536655545995e+02 2.430718555526447915e+02
2.004845679623636556e+02 2.424971436419814950e+02
2.013094276683266344e+02 2.419272436653432123e+02
2.021376062604583410e+02 2.413621775341918294e+02
2.029690785339948889e+02 2.408019692123222910e+02
2.038038205570450998e+02 2.402466447572229242e+02
2.046418096264811766e+02 2.396962323641512853e+02
2.054830242249196317e+02 2.391507624130462659e+02
2.063274439786393657e+02 2.386102675184040720e+02
2.071750496162857758e+02 2.380747825822481332e+02
2.080258229282038656e+02 2.375443448503273487e+02
2.088797467262408247e+02 2.370189939716832157e+02
2.097368053883797927e+02 2.364987730312510621e+02
2.105969843323197210e+02 2.359837278646197944e+02
2.114602681737966918e+02 2.354739040718255012e+02
2.123266434281316322e+02 2.349693516315760462e+02
2.131960974319965203e+02 2.344701232817045877e+02
2.140686192074633993e+02 2.339762762129676048e+02
2.149441991134121110e+02 2.334878717199499079e+02
2.158228246132698018e+02 2.330049677049215120e+02
2.167044864469879997e+02 2.325276298546681346e+02
2.175891787218368165e+02 2.320559323588165341e+02
2.184768860133328019e+02 2.315899337988780360e+02
2.193675955561048738e+02 2.311296997762514707e+02
2.202612881982174429e+02 2.306752855866310767e+02
2.211579489679637618e+02 2.302267566533139131e+02
2.220575575130566790e+02 2.297841697565077084e+02
2.229600997308487536e+02 2.293475965268325467e+02
2.238655533993176050e+02 2.289170942358329057e+02
2.247739001878773308e+02 2.284927304304266613e+02
2.256851227519049132e+02 2.280745774624315345e+02
2.265991984208217218e+02 2.276626987722144690e+02
2.275161065655099719e+02 2.272571648382617013e+02
2.284358258249005758e+02 2.268580473846248822e+02
2.293583340699821633e+02 2.264654193970349922e+02
2.302836083664722366e+02 2.260793551384863065e+02
2.312116249361176585e+02 2.256999301642229909e+02
2.321423591165941218e+02 2.253272213360596652e+02
2.330757853199737326e+02 2.249613068359609827e+02
2.340118769897314621e+02 2.246022661787984021e+02
2.349506065562631818e+02 2.242501802242029783e+02
2.358919453908892194e+02 2.239051311874228816e+02
2.368358643738270644e+02 2.235672043890170073e+02
2.377823341008873115e+02 2.232364892166904156e+02
2.387313206652540316e+02 2.229130670995729417e+02
2.396827922530104615e+02 2.225970305623496017e+02
2.406367147320320896e+02 2.222884708830343072e+02
2.415930515722126870e+02 2.219874776673104009e+02
2.425517666893733804e+02 2.216941480050962809e+02
2.435128211641759606e+02 2.214085763975192265e+02
2.444761739905671334e+02 2.211308569673515478e+02
2.454417855576228646e+02 2.208610960713384372e+02
2.464096109566464179e+02 2.205993891892073862e+02
2.473796049895427700e+02 2.203458385199033671e+02
2.483517208291377756e+02 2.201005488119410529e+02
2.493259096459137538e+02 2.198636263022448532e+02
2.503021205298054497e+02 2.196351786973314404e+02
2.512803004102477189e+02 2.194153151507481141e+02
2.522603939745505954e+02 2.192041462365290556e+02
2.532423435846927475e+02 2.190017839184230866e+02
2.542260891926377155e+02 2.188083415146390962e+02
2.552115682542944910e+02 2.186239336578510120e+02
2.561987161988658954e+02 2.184486794716877114e+02
2.571874656854088812e+02 2.182826994466472570e+02
2.581777452049848307e+02 2.181261069260452530e+02
2.591694826623118502e+02 2.179790308012027538e+02
2.601626008138738371e+02 2.178415872619618483e+02
2.611570211305729003e+02 2.177139062802149851e+02
2.621526601138874639e+02 2.175961054451098562e+02
2.631494330546246943e+02 2.174883207620697192e+02
2.641472499103565497e+02 2.173906728054008681e+02
2.651460179509791715e+02 2.173032897464560165e+02
2.661456409010628477e+02 2.172263016179657313e+02
2.671460187398346307e+02 2.171598395670789898e+02
2.681470475173194927e+02 2.171040346217143622e+02
2.691486191973474433e+02 2.170590152666455879e+02
2.701506218663239451e+02 2.170249124514758989e+02
2.711529395218553304e+02 2.170018596747817696e+02
2.721554518066471360e+02 2.169899868680717816e+02
2.731580340993771188e+02 2.169894234157712276e+02
2.741605574412085957e+02 2.170002985216225682e+02
2.751628884349700570e+02 2.170227413845225044e+02
2.761648888383849680e+02 2.170568885758188742e+02
2.771664163987725260e+02 2.171028570435112499e+02
2.781673236586427720e+02 2.171607789954754821e+02
2.791674588425338470e+02 2.172307764150318121e+02
2.801666652729365978e+02 2.173129728594456935e+02
2.811647819515982860e+02 2.174074852328957093e+02
2.821616421660433502e+02 2.175144381228893167e+02
2.831570761352045338e+02 2.176339376021065846e+02
2.841509082224571898e+02 2.177660983266446522e+02
2.851429577978921657e+02 2.179110328803434697e+02
2.861330412924870075e+02 2.180688388896540459e+02
2.871209698075454639e+02 2.182396166135584679e+02
2.881065501348608677e+02 2.184234615053140942e+02
2.890895849031749094e+02 2.186204638568302414e+02
2.900698727469604137e+02 2.188307084411408425e+02
2.910472082111129453e+02 2.190542753709904957e+02
2.920213829324299013e+02 2.192912355321826681e+02
2.929921848924428787e+02 2.195416547728595162e+02
2.939593989165144308e+02 2.198055923130605152e+02
2.949228068471950905e+02 2.200831007133300830e+02
2.958821879290994730e+02 2.203742251552843641e+02
2.968373197836270947e+02 2.206790011079066574e+02
2.977879779907310080e+02 2.209974566988344975e+02
2.987339367166089232e+02 2.213296115457947053e+02
2.996749691155130790e+02 2.216754764889736862e+02
3.006108477518346831e+02 2.220350533447353882e+02
3.015413450410590599e+02 2.224083346829513914e+02
3.024662337079640793e+02 2.227953036301385907e+02
3.033852872602134312e+02 2.231959337004978181e+02
3.042982804752830930e+02 2.236101886568186217e+02
3.052049898984565175e+02 2.240380224030623992e+02
3.061051943494373972e+02 2.244793789102517678e+02
3.069986749580381797e+02 2.249341930968840302e+02
3.078852174920500602e+02 2.254023872912247555e+02
3.087646107864055693e+02 2.258838754629788355e+02
3.096366472032913748e+02 2.263785631234615039e+02
3.105011246748831013e+02 2.268863446263410140e+02
3.113578466224568047e+02 2.274071044778879411e+02
3.122066221129577457e+02 2.279407180769069612e+02
3.130472665116434996e+02 2.284870516123225741e+02
3.138796019361312801e+02 2.290459623211013138e+02
3.147034538134630566e+02 2.296173042804390434e+02
3.155186585669861756e+02 2.302009178663587932e+02
3.163250637296843593e+02 2.307966312752348301e+02
3.171225125235600899e+02 2.314042819244759244e+02
3.179108730810169163e+02 2.320236781408324873e+02
3.186900037866278694e+02 2.326546452970304699e+02
3.194597888690213381e+02 2.332969811028877416e+02
3.202201100560674831e+02 2.339504918563423814e+02
3.209708572826620525e+02 2.346149791932500932e+02
3.217119372273688782e+02 2.352902313753444332e+02
3.224432653328775018e+02 2.359760334510396262e+02
3.231648320389083437e+02 2.366720991099585376e+02
3.238766796997815618e+02 2.373781015447979428e+02
3.245788518868543520e+02 2.380937280930648114e+02
3.252713858950771169e+02 2.388186862343401913e+02
3.259543262872670084e+02 2.395526893047901353e+02
3.266277148927379130e+02 2.402954654084589379e+02
3.272915803177499470e+02 2.410467653953792819e+02
3.279459649336534426e+02 2.418063377201672495e+02
3.285908931464612124e+02 2.425739556556658556e+02
3.292264014219588830e+02 2.433493905470134848e+02
3.298525043303033613e+02 2.441324393907115109e+02
3.304692317427872013e+02 2.449228936108367520e+02
3.310766012516875207e+02 2.457205609163058000e+02
3.316746232909886203e+02 2.465252600834061241e+02
3.322633078838740062e+02 2.473368152259608337e+02
3.328426637966707062e+02 2.481550561349245925e+02
3.334126923190380580e+02 2.489798222261362923e+02
3.339733904272767404e+02 2.498109596451681114e+02
3.345247506300847817e+02 2.506483208864339929e+02
3.350667608197461504e+02 2.514917644252728905e+02
3.355994041272693948e+02 2.523411543621232909e+02
3.361226587801103278e+02 2.531963600778572072e+02
3.366364979612314983e+02 2.540572558992998040e+02
3.371408896683497005e+02 2.549237207739250266e+02
3.376357965723206576e+02 2.557956379526839896e+02
3.381211758736985757e+02 2.566728946798906463e+02
3.385969791565906348e+02 2.575553818890593902e+02
3.390631522390033297e+02 2.584429939035571238e+02
3.395196350189529539e+02 2.593356281409034523e+02
3.399663613156815813e+02 2.602331848195139514e+02
3.404032587053912380e+02 2.611355666666519824e+02
3.408302483509752960e+02 2.620426786263104191e+02
3.412472448252962067e+02 2.629544275657041226e+02
3.416541559276303133e+02 2.638707219790090903e+02
3.420508824929740967e+02 2.647914716869311178e+02
3.424373181939830602e+02 2.657165875306341150e+02
3.428133493354037569e+02 2.666459810584979095e+02
3.431788546409470086e+02 2.675795642041115343e+02
3.435337017719439245e+02 2.685172501667228175e+02
3.438777540389071419e+02 2.694589503641223587e+02
3.442108675862818927e+02 2.704045752053165756e+02
3.445328883961513498e+02 2.713540347045409362e+02
3.448436515193010337e+02 2.723072381469970651e+02
3.451429775843281504e+02 2.732640945277876767e+02
3.454306933562662607e+02 2.742245056551723223e+02
3.457065993880958104e+02 2.751883756862149539e+02
3.459704946612807248e+02 2.761556029059559023e+02
3.462221644974038099e+02 2.771260827379588250e+02
3.464613866934092243e+02 2.780997054365489021e+02
3.466879167944394453e+02 2.790763589405011658e+02
3.469015151118358631e+02 2.800559216932757636e+02
3.471019193189857219e+02 2.810382684177852184e+02
3.472888548978365861e+02 2.820232666467383638e+02
3.474620335586132001e+02 2.830107761332899940e+02
3.476211594781911458e+02 2.840006468942375477e+02
3.477659166949833320e+02 2.849927203830882831e+02
3.478959805052616616e+02 2.859868265373905842e+02
3.480110124503216298e+02 2.869827835805184577e+02
3.481106607390128715e+02 2.879803968176844364e+02
3.481945438258221657e+02 2.889794586982751525e+02
3.482622932283773025e+02 2.899797436726481124e+02
3.483134951333168488e+02 2.909810115155931385e+02
3.483477494557645286e+02 2.919830017116680665e+02
3.483646263320714525e+02 2.929854345962840512e+02
3.483636833574401521e+02 2.939880084626448138e+02
3.483444663894351834e+02 2.949903978820203179e+02
3.483065105667099033e+02 2.959922519827181304e+02
3.482493415687940796e+02 2.969931927041908466e+02
3.481724771434964509e+02 2.979928130470427732e+02
3.480754109629996265e+02 2.989906734169445031e+02
3.479576579816363164e+02 2.999863036193723929e+02
3.478186981396051465e+02 3.009791950508819127e+02
3.476580403700601778e+02 3.019688061253955311e+02
3.474751799012374818e+02 3.029545549931152664e+02
3.472696201546121983e+02 3.039358203300774335e+02
3.470408771385359614e+02 3.049119405353897605e+02
3.467884842988839864e+02 3.058822133427355539e+02
3.465119978087846562e+02 3.068458959302494122e+02
3.462109962345017493e+02 3.078022036329770117e+02
3.458850877011983584e+02 3.087503108381840207e+02
3.455339441351260916e+02 3.096893631365098827e+02
3.451572474439138887e+02 3.106184584106964621e+02
3.447550234690278899e+02 3.115367908209010466e+02
3.443277577195225376e+02 3.124437439193381465e+02
3.438760583359771772e+02 3.133387797185544628e+02
3.434005911502609365e+02 3.142214201977688504e+02
3.429020472316635164e+02 3.150912358186209303e+02
3.423811769392626161e+02 3.159478695611804824e+02
3.418387528941106552e+02 3.167910217984893961e+02
3.412755520514617160e+02 3.176204412433395419e+02
3.406923960177841195e+02 3.184359553126099627e+02
3.400900738261958622e+02 3.192374192761453742e+02
3.394694110204081312e+02 3.200247670006198177e+02
3.388312022679351116e+02 3.207979621542791620e+02
3.381762351846223282e+02 3.215570151975928184e+02
3.375052901485627217e+02 3.223019838525422642e+02
3.368191218832518530e+02 3.230329563406888269e+02
3.361184641257790986e+02 3.237500535741672252e+02
3.354040273734439666e+02 3.244534253615069019e+02
3.346764962144571882e+02 3.251432457211432165e+02
3.339365216952028277e+02 3.258197020707085585e+02
3.331847434294137429e+02 3.264830169153864290e+02
3.324217551996259203e+02 3.271334073444313049e+02
3.316481380721115215e+02 3.277711195049665207e+02
3.308644335120463325e+02 3.283963945552636687e+02
3.300711615303047779e+02 3.290094872094079506e+02
3.292688172095890309e+02 3.296106592760137346e+02
3.284578678864513677e+02 3.302001731756019467e+02
3.276387559092454467e+02 3.307782926572295423e+02
3.268118977352023080e+02 3.313452786540563579e+02
3.259776940934367531e+02 3.319014016239198099e+02
3.251365181430790585e+02 3.324469219256612291e+02
3.242887226337753646e+02 3.329820975807188574e+02
3.234346428344371134e+02 3.335071867734035322e+02
3.225745959036009936e+02 3.340224449339409603e+02
3.217088781880150918e+02 3.345281179832329599e+02
3.208377706241443548e+02 3.350244491526540855e+02
3.199615406377702698e+02 3.355116807146691826e+02
3.190804391291804905e+02 3.359900469556192775e+02
3.181947031113156186e+02 3.364597770452199370e+02
3.173045547813060239e+02 3.369210915402941282e+02
3.164102076694878178e+02 3.373742126794120963e+02
3.155118622547499285e+02 3.378193547352861401e+02
3.146097061936251293e+02 3.382567227397067882e+02
3.137039181594781212e+02 3.386865188740066515e+02
3.127946688713158210e+02 3.391089437213333895e+02
3.118821161322171065e+02 3.395241844129534456e+02
3.109664133316196626e+02 3.399324318881813838e+02
3.100477037030714200e+02 3.403338674663465895e+02
3.091261217475719150e+02 3.407286647039507557e+02
3.082017983433601671e+02 3.411170004292198428e+02
3.072748554805874051e+02 3.414990417332355719e+02
3.063454080908310857e+02 3.418749491655217980e+02
3.054135668825620655e+02 3.422448829457317743e+02
3.044794370043697427e+02 3.426089991218383375e+02
3.035431178719239256e+02 3.429674483880015714e+02
3.026047040628999980e+02 3.433203776804639915e+02
3.016642855972600046e+02 3.436679303125791307e+02
3.007219482017246719e+02 3.440102461129943094e+02
2.997777735593046486e+02 3.443474615663600957e+02
2.988318395447346916e+02 3.446797099560441779e+02
2.978842204466287171e+02 3.450071215084274741e+02
2.969349870426246980e+02 3.453298231395691573e+02
2.959842071457947554e+02 3.456479396197207734e+02
2.950319455513437674e+02 3.459615930360986908e+02
2.940782641740784129e+02 3.462709028130083766e+02
2.931232222829897864e+02 3.465759860581246130e+02
2.921668766591409963e+02 3.468769577117545850e+02
2.912092817452200961e+02 3.471739306968231631e+02
2.902504897873531604e+02 3.474670160696915673e+02
2.892905509697488355e+02 3.477563231719713031e+02
2.883295135427186437e+02 3.480419597835431205e+02
2.873674237787784591e+02 3.483240317076307520e+02
2.864043260634246053e+02 3.486026428006017568e+02
2.854402640323590390e+02 3.488778987034353918e+02
2.844752793681886374e+02 3.491499025153013349e+02
2.835094116952836316e+02 3.494187540994212213e+02
2.825427004382590326e+02 3.496845565386879571e+02
2.815751833026451436e+02 3.499474105640899211e+02
2.806068967438668551e+02 3.502074160243329857e+02
2.796378712741090453e+02 3.504646539553690445e+02
2.786681006319083167e+02 3.507190681085351684e+02
2.776975627482472078e+02 3.509705394114724868e+02
2.767262372940664932e+02 3.512189511558514710e+02
2.757541040747022976e+02 3.514641826141203751e+02
2.747811436506781888e+02 3.517061111301013625e+02
2.738073374557886837e+02 3.519446123126817270e+02
2.728326678802357605e+02 3.521795600932280763e+02
2.718571183556052233e+02 3.524108267886800263e+02
2.708806734414966968e+02 3.526382831705578269e+02
2.699033187703219028e+02 3.528617979076768165e+02
2.689250409107675068e+02 3.530812365690035222e+02
2.679458288371399703e+02 3.532964678676332824e+02
2.669656720233268743e+02 3.535073548484565436e+02
2.659845617520564360e+02 3.537137603457190949e+02
2.650024912347951727e+02 3.539155473217344934e+02
2.640194551781655719e+02 3.541125764755161640e+02
2.630354499034078799e+02 3.543047063211711816e+02
2.620504744505770987e+02 3.544917985301185581e+02
2.610645293023813451e+02 3.546737111150171131e+02
2.600776166860832745e+02 3.548502993011552462e+02
2.590897420179864525e+02 3.550214232415300444e+02
2.581009125517942380e+02 3.551869403508366645e+02
2.571111379406702326e+02 3.553467080233690467e+02
2.561204303412933996e+02 3.555005839613759235e+02
2.551288044888784725e+02 3.556484263797009930e+02
2.541362777664910766e+02 3.557900942183279085e+02
2.531428702680022127e+02 3.559254473624632737e+02
2.521486048540260754e+02 3.560543468697253502e+02
2.511535068248906839e+02 3.561766520650823509e+02
2.501576050544251473e+02 3.562922295318606984e+02
2.491609309800745393e+02 3.564009453273939698e+02
2.481635189421855898e+02 3.565026676154225242e+02
2.471654058022301115e+02 3.565972625968036027e+02
2.461666320771383596e+02 3.566846063838140708e+02
2.451672409631267726e+02 3.567645760823415912e+02
2.441672781094994207e+02 3.568370460801657487e+02
2.431667926531823127e+02 3.569019021378491630e+02
2.421658363564281444e+02 3.569590319966252991e+02
2.411644633321517972e+02 3.570083194913162288e+02
2.401627310793317918e+02 3.570496660837588934e+02
2.391606991688784944e+02 3.570829673463605332e+02
2.381584298450424342e+02 3.571081267480898873e+02
2.371559878053054717e+02 3.571250571621272911e+02
2.361534398227150859e+02 3.571336659787151575e+02
2.351508549625788476e+02 3.571338785429649647e+02
2.341483041372300136e+02 3.571256200418770277e+02
2.331458601790064904e+02 3.571088160513277785e+02
2.321435973993740163e+02 3.570834097558129656e+02
2.311415915971362267e+02 3.570493441245269537e+02
2.301399200487016969e+02 3.570065640337841728e+02
2.291386608024702127e+02 3.569550289379774881e+02
2.281378928267916422e+02 3.568947020034693765e+02
2.271376957956543094e+02 3.568255519057100287e+02
2.261381498358627766e+02 3.567475539399493982e+02
2.251393353106755058e+02 3.566606900679369119e+02
2.241413326010793980e+02 3.565649489440808111e+02
2.231442218859499178e+02 3.564603259208176951e+02
2.221480829223710316e+02 3.563468230330834103e+02
2.211529948273891080e+02 3.562244489619221213e+02
2.201590358624700627e+02 3.560932189774138124e+02
2.191662832219067525e+02 3.559531548612472989e+02
2.181748134437588078e+02 3.558042808205178176e+02
2.171847013047113535e+02 3.556466300144438151e+02
2.161960193393535405e+02 3.554802453733633456e+02
2.152088403760377275e+02 3.553051636155439041e+02
2.142232329285464800e+02 3.551214411831369944e+02
2.132392650363255484e+02 3.549291309093475206e+02
2.122570031623356499e+02 3.547282883494812040e+02
2.112765098833316131e+02 3.545189820918226360e+02
2.102978464617928864e+02 3.543012800873152628e+02
2.093210716783021894e+02 3.540752549483560188e+02
2.083462417264426279e+02 3.538409837355955574e+02
2.073734101191645891e+02 3.535985477370541048e+02
2.064026287756186093e+02 3.533480278011780342e+02
2.054339441678878018e+02 3.530895188662175883e+02
2.044674038170708172e+02 3.528231045600711582e+02
2.035030583028400031e+02 3.525488517038112946e+02
2.025409573082782799e+02 3.522668257808433054e+02
2.015811537379824756e+02 3.519770774323524165e+02
2.006237041070003499e+02 3.516796430258915507e+02
1.996686641467065044e+02 3.513745599392397025e+02
1.987160939570038636e+02 3.510618507277524714e+02
1.977660563785301520e+02 3.507415296116993204e+02
1.968186173195167612e+02 3.504136024270074472e+02
1.958738464096908558e+02 3.500780656946180329e+02
1.949318153691354496e+02 3.497349120476100666e+02
1.939926005085201268e+02 3.493841239630306177e+02
1.930562821731897429e+02 3.490256762997738065e+02
1.921229450392781359e+02 3.486595363636511706e+02
1.911926784269303994e+02 3.482856639503901874e+02
1.902655766326642777e+02 3.479040113679724300e+02
1.893417392829828998e+02 3.475145234396798628e+02
1.884212717114423583e+02 3.471171374892086874e+02
1.875042853614902185e+02 3.467117833092203227e+02
1.865908982175113522e+02 3.462983831147407727e+02
1.856812352666523225e+02 3.458768514828930734e+02
1.847754289941392472e+02 3.454470952805515367e+02
1.838736210347142901e+02 3.450090113034086698e+02
1.829759612622941916e+02 3.445624893929237942e+02
1.820826069382891887e+02 3.441074150892117132e+02
1.811937264085605932e+02 3.436436633513017682e+02
1.803095029121226105e+02 3.431710930041024881e+02
1.794301248431565341e+02 3.426895665365303216e+02
1.785557975988435544e+02 3.421989292151764062e+02
1.776867385984624832e+02 3.416990201039311614e+02
1.768231820057129084e+02 3.411896654482288227e+02
1.759653736132909785e+02 3.406706891813140601e+02
1.751135802292262440e+02 3.401418989784259566e+02
1.742680879967478234e+02 3.396030916793908432e+02
1.734292003142102203e+02 3.390540587444323819e+02
1.725972445118910628e+02 3.384945782185984626e+02
1.717725714218623807e+02 3.379244183222177185e+02
1.709555550727320963e+02 3.373433406039888496e+02
1.701465992855549700e+02 3.367510935724855017e+02
1.693461428898032466e+02 3.361474095262055357e+02
1.685546499190343752e+02 3.355320214895208437e+02
1.677726236015056429e+02 3.349046483940479106e+02
1.670006074543201180e+02 3.342649987255290398e+02
1.662391855650009518e+02 3.336127751324715973e+02
1.654889854477524409e+02 3.329476760295250983e+02
1.647506882974932125e+02 3.322693897450880627e+02
1.640250232594808040e+02 3.315776072992051127e+02
1.633127835848785594e+02 3.308720119588851389e+02
1.626148141136674781e+02 3.301522995968467740e+02
1.619320292316111249e+02 3.294181681280924749e+02
1.612654199394095258e+02 3.286693204805397386e+02
1.606160336829371715e+02 3.279054916880151040e+02
1.599850129591677046e+02 3.271264245677612621e+02
1.593735629581560715e+02 3.263319077715396475e+02
1.587829763881853751e+02 3.255217654632306221e+02
1.582146305493632212e+02 3.246958716353170189e+02
1.576699750407856015e+02 3.238541697741091525e+02
1.571505388730080313e+02 3.229966785372104709e+02
1.566579130549514218e+02 3.221235130144411869e+02
1.561937502970603759e+02 3.212348938941030383e+02
